PDE  1999 01 01 00 00 00.00  -102.951800 18.247000 -25000 4.2 4.2 hom_explosion
event name:       hom_explosion
time shift:       0.0000
half duration:    0.0
latorUTM:         18.247000
longorUTM:        -102.951800
depth:            0
Mrr:       1.000000e+23
Mtt:       1.000000e+23
Mpp:       1.000000e+23
Mrt:       0.000000
Mrp:       0.000000
Mtp:       0.000000
