PDE  1999 01 01 00 00 00.00  -109.394300 -33.064700 -25000 4.2 4.2 hom_explosion
event name:       hom_explosion
time shift:       0.0000
half duration:    0.0
latorUTM:         -33.064700
longorUTM:        -109.394300
depth:            0
Mrr:       1.000000e+23
Mtt:       1.000000e+23
Mpp:       1.000000e+23
Mrt:       0.000000
Mrp:       0.000000
Mtp:       0.000000
